walks: 16.296554270870473

shuffle: 16.55222923988523

train: 20